0.000000000000000000e+00 0.000000000000000000e+00
1.000000000000000021e-03 2.909886136055295083e+02
2.000000000000000042e-03 2.909053077794076216e+02
3.000000000000000062e-03 2.908311265361159030e+02
4.000000000000000083e-03 2.907618917729084842e+02
5.000000000000000104e-03 2.906989105423317596e+02
6.000000000000000125e-03 2.906421751775532130e+02
7.000000000000000146e-03 2.904947207861383731e+02
8.000000000000000167e-03 2.903524160227093489e+02
8.999999999999999320e-03 2.902171277565280434e+02
1.000000000000000021e-02 2.900870627369578756e+02
1.099999999999999936e-02 2.898656173385599573e+02
1.200000000000000025e-02 2.897463812700676158e+02
1.299999999999999940e-02 2.895357354156515726e+02
1.400000000000000029e-02 2.892331722626228725e+02
1.499999999999999944e-02 2.890329682782800091e+02
1.600000000000000033e-02 2.888383741084149392e+02
1.700000000000000122e-02 2.885504140735315559e+02
1.799999999999999864e-02 2.882688888455539882e+02
1.899999999999999953e-02 2.879885070127164113e+02
2.000000000000000042e-02 2.876157895424115623e+02
2.100000000000000130e-02 2.873479031902482461e+02
2.199999999999999872e-02 2.869831563874470248e+02
2.299999999999999961e-02 2.866210373867419321e+02
2.400000000000000050e-02 2.862658553423367493e+02
2.500000000000000139e-02 2.859123074871876042e+02
2.599999999999999881e-02 2.855624285652789354e+02
2.699999999999999969e-02 2.851158079128683767e+02
2.800000000000000058e-02 2.847739246889623246e+02
2.900000000000000147e-02 2.843326555526985544e+02
2.999999999999999889e-02 2.838944091203989046e+02
3.099999999999999978e-02 2.834581767758637625e+02
3.200000000000000067e-02 2.830238550804158990e+02
3.300000000000000155e-02 2.824904871552062673e+02
3.400000000000000244e-02 2.820604937596517061e+02
3.500000000000000333e-02 2.815307826789757542e+02
3.599999999999999728e-02 2.809990400510765767e+02
3.699999999999999817e-02 2.805746141152459359e+02
3.799999999999999906e-02 2.800473063947858350e+02
3.899999999999999994e-02 2.795197283415342326e+02
4.000000000000000083e-02 2.788880757525375316e+02
4.100000000000000172e-02 2.783629421814801503e+02
4.200000000000000261e-02 2.778357352402184688e+02
4.299999999999999656e-02 2.772037475499657262e+02
4.399999999999999745e-02 2.766763848285837639e+02
4.499999999999999833e-02 2.760436690865018363e+02
4.599999999999999922e-02 2.755152564584125230e+02
4.700000000000000011e-02 2.748795277819177727e+02
4.800000000000000100e-02 2.742412436035219230e+02
4.900000000000000189e-02 2.737095835818134901e+02
5.000000000000000278e-02 2.730691231324070714e+02
5.099999999999999672e-02 2.724271183627307096e+02
5.199999999999999761e-02 2.717807808115994703e+02
5.299999999999999850e-02 2.711346783098954347e+02
5.399999999999999939e-02 2.704850014107043989e+02
5.500000000000000028e-02 2.698317686812844158e+02
5.600000000000000117e-02 2.691767572625855678e+02
5.700000000000000205e-02 2.684085424039348595e+02
5.800000000000000294e-02 2.677464579965802614e+02
5.899999999999999689e-02 2.670825010458679003e+02
5.999999999999999778e-02 2.664126774140065663e+02
6.099999999999999867e-02 2.657417973060262284e+02
6.199999999999999956e-02 2.649522651802565747e+02
6.300000000000000044e-02 2.642721092604841715e+02
6.400000000000000133e-02 2.635877290498968364e+02
6.500000000000000222e-02 2.629009385928580969e+02
6.600000000000000311e-02 2.620925541702627584e+02
6.700000000000000400e-02 2.613951805678335631e+02
6.800000000000000488e-02 2.606936339705202386e+02
6.900000000000000577e-02 2.599866305179008918e+02
7.000000000000000666e-02 2.591574731625726145e+02
7.099999999999999367e-02 2.584422123336950108e+02
7.199999999999999456e-02 2.577215064144360213e+02
7.299999999999999545e-02 2.569945394521458866e+02
7.399999999999999634e-02 2.562621358470113364e+02
7.499999999999999722e-02 2.554035031993115012e+02
7.599999999999999811e-02 2.546596108712022897e+02
7.699999999999999900e-02 2.539116644377359933e+02
7.799999999999999989e-02 2.531547766823641155e+02
7.900000000000000078e-02 2.523945822445809881e+02
8.000000000000000167e-02 2.516271370670378644e+02
8.100000000000000255e-02 2.508546609928430371e+02
8.200000000000000344e-02 2.500746925837270567e+02
8.300000000000000433e-02 2.493013743636829815e+02
8.400000000000000522e-02 2.485215258154491664e+02
8.500000000000000611e-02 2.477347422063730278e+02
8.599999999999999312e-02 2.469541324923420973e+02
8.699999999999999400e-02 2.461684337452028615e+02
8.799999999999999489e-02 2.453744944638479524e+02
8.899999999999999578e-02 2.445882682803798218e+02
8.999999999999999667e-02 2.437938014160977502e+02
9.099999999999999756e-02 2.430056754613965779e+02
9.199999999999999845e-02 2.422109262517130617e+02
9.299999999999999933e-02 2.414096135041054083e+02
9.400000000000000022e-02 2.406154575686435351e+02
9.500000000000000111e-02 2.398265010938164608e+02
9.600000000000000200e-02 2.390183480044314592e+02
9.700000000000000289e-02 2.382154514253674620e+02
9.800000000000000377e-02 2.374179170673462238e+02
9.900000000000000466e-02 2.366161521051897410e+02
1.000000000000000056e-01 2.358055403623210680e+02
1.010000000000000064e-01 2.350020127576132438e+02
1.019999999999999934e-01 2.342063251640786063e+02
1.029999999999999943e-01 2.334021283085905907e+02
1.039999999999999952e-01 2.325914579755364286e+02
1.049999999999999961e-01 2.317881743427132903e+02
1.059999999999999970e-01 2.309762620896734404e+02
1.069999999999999979e-01 2.301735422780127465e+02
1.079999999999999988e-01 2.293622735774390833e+02
1.089999999999999997e-01 2.285452507982843144e+02
1.100000000000000006e-01 2.277332135948252869e+02
1.110000000000000014e-01 2.269306606994872197e+02
1.120000000000000023e-01 2.261204997157445860e+02
1.130000000000000032e-01 2.253026303615675374e+02
1.140000000000000041e-01 2.244936726711351582e+02
1.150000000000000050e-01 2.236903474422201157e+02
1.160000000000000059e-01 2.228822955965639494e+02
1.170000000000000068e-01 2.220659872813522497e+02
1.179999999999999938e-01 2.212576750824864007e+02
1.189999999999999947e-01 2.204426427879536448e+02
1.199999999999999956e-01 2.196365080115685089e+02
1.209999999999999964e-01 2.188228180901175222e+02
1.219999999999999973e-01 2.180170397919426080e+02
1.229999999999999982e-01 2.172037943683828871e+02
1.239999999999999991e-01 2.163866935413240356e+02
1.250000000000000000e-01 2.155762648795401901e+02
1.260000000000000009e-01 2.147732742573278699e+02
1.270000000000000018e-01 2.139503245561572840e+02
1.280000000000000027e-01 2.131506171706786859e+02
1.290000000000000036e-01 2.123444929151861800e+02
1.300000000000000044e-01 2.115306098499708867e+02
1.310000000000000053e-01 2.107121412270125234e+02
1.320000000000000062e-01 2.099018891109688525e+02
1.330000000000000071e-01 2.091011563382238592e+02
1.340000000000000080e-01 2.082941664485433932e+02
1.350000000000000089e-01 2.074815218033371309e+02
1.360000000000000098e-01 2.066774538866707189e+02
1.370000000000000107e-01 2.058671506716934516e+02
1.380000000000000115e-01 2.050669161267881577e+02
1.390000000000000124e-01 2.042605271471610422e+02
1.400000000000000133e-01 2.034472667041449654e+02
1.409999999999999865e-01 2.026456822620554874e+02
1.419999999999999873e-01 2.018367740076703001e+02
1.429999999999999882e-01 2.010383559474112189e+02
1.439999999999999891e-01 2.002345396223210798e+02
1.449999999999999900e-01 1.994239919697743915e+02
1.459999999999999909e-01 1.986237875644358439e+02
1.469999999999999918e-01 1.978187937342878797e+02
1.479999999999999927e-01 1.970236406774235718e+02
1.489999999999999936e-01 1.962245067739392823e+02
1.499999999999999944e-01 1.954174848326876486e+02
1.509999999999999953e-01 1.946231570326223448e+02
1.519999999999999962e-01 1.938223351676059565e+02
1.529999999999999971e-01 1.930156030945342707e+02
1.539999999999999980e-01 1.922212687856040532e+02
1.549999999999999989e-01 1.914204832234397315e+02
1.559999999999999998e-01 1.906319040441921118e+02
1.570000000000000007e-01 1.898386843337210053e+02
1.580000000000000016e-01 1.890385377057446874e+02
1.590000000000000024e-01 1.882502846023286907e+02
1.600000000000000033e-01 1.874580214479290134e+02
1.610000000000000042e-01 1.866590086474788279e+02
1.620000000000000051e-01 1.858733042731358864e+02
1.630000000000000060e-01 1.850826679084870818e+02
1.640000000000000069e-01 1.842846227427862686e+02
1.650000000000000078e-01 1.835008569379261303e+02
1.660000000000000087e-01 1.827116822162322478e+02
1.670000000000000095e-01 1.819168044041179826e+02
1.680000000000000104e-01 1.811360532522495532e+02
1.690000000000000113e-01 1.803491866755644537e+02
1.700000000000000122e-01 1.795575308554290075e+02
1.710000000000000131e-01 1.787791216873603730e+02
1.719999999999999862e-01 1.779958650744481190e+02
1.729999999999999871e-01 1.772065923837096761e+02
1.739999999999999880e-01 1.764326877012436796e+02
1.749999999999999889e-01 1.756528245901183709e+02
1.759999999999999898e-01 1.748676595777112652e+02
1.769999999999999907e-01 1.740970305159328575e+02
1.779999999999999916e-01 1.733216745429449190e+02
1.789999999999999925e-01 1.725420146389466254e+02
1.799999999999999933e-01 1.717560629598554272e+02
1.809999999999999942e-01 1.709850546110363041e+02
1.819999999999999951e-01 1.702102706274258708e+02
1.829999999999999960e-01 1.694497886623045702e+02
1.839999999999999969e-01 1.686846216362945086e+02
1.849999999999999978e-01 1.679142820848774988e+02
1.859999999999999987e-01 1.671397797305580184e+02
1.869999999999999996e-01 1.663809054829419836e+02
1.880000000000000004e-01 1.656170092360082720e+02
1.890000000000000013e-01 1.648483811457407455e+02
1.900000000000000022e-01 1.640959019664532548e+02
1.910000000000000031e-01 1.633178833892419277e+02
1.920000000000000040e-01 1.625556938105322047e+02
1.930000000000000049e-01 1.618103865639335766e+02
1.940000000000000058e-01 1.610610917011124172e+02
1.950000000000000067e-01 1.603058326257273336e+02
1.960000000000000075e-01 1.595464777492143469e+02
1.970000000000000084e-01 1.587825407591496969e+02
1.980000000000000093e-01 1.580360377624583350e+02
1.990000000000000102e-01 1.572854160281104612e+02
2.000000000000000111e-01 1.565513456983896106e+02
2.010000000000000120e-01 1.557908247851859755e+02
2.020000000000000129e-01 1.550487438024457845e+02
2.030000000000000138e-01 1.543016715876858598e+02
2.039999999999999869e-01 1.535724838085676254e+02
2.049999999999999878e-01 1.528394269022683432e+02
2.059999999999999887e-01 1.521019438513897910e+02
2.069999999999999896e-01 1.513594982166051750e+02
2.079999999999999905e-01 1.506130569338306771e+02
2.089999999999999913e-01 1.498850895863264441e+02
2.099999999999999922e-01 1.491531975925078939e+02
2.109999999999999931e-01 1.484400631257420571e+02
2.119999999999999940e-01 1.476989641897533829e+02
2.129999999999999949e-01 1.469772517484937850e+02
2.139999999999999958e-01 1.462512271538522839e+02
2.149999999999999967e-01 1.455458153632060601e+02
2.159999999999999976e-01 1.448107030036428853e+02
2.169999999999999984e-01 1.440967774330221118e+02
2.179999999999999993e-01 1.433777704022790545e+02
2.190000000000000002e-01 1.426552279695623326e+02
2.200000000000000011e-01 1.419522374014473769e+02
2.210000000000000020e-01 1.412459862010424274e+02
2.220000000000000029e-01 1.405346648804278402e+02
2.230000000000000038e-01 1.398206374493095723e+02
2.240000000000000047e-01 1.391264235397430014e+02
2.250000000000000056e-01 1.384280396907081467e+02
2.260000000000000064e-01 1.377264229802606508e+02
2.270000000000000073e-01 1.370200776564485352e+02
2.280000000000000082e-01 1.363349513381998293e+02
2.290000000000000091e-01 1.356209137135018352e+02
2.300000000000000100e-01 1.349544114076324490e+02
2.310000000000000109e-01 1.342577847114876022e+02
2.320000000000000118e-01 1.335573023767369421e+02
2.330000000000000127e-01 1.328787280919229943e+02
2.340000000000000135e-01 1.321972899959854431e+02
2.349999999999999867e-01 1.315109271030212881e+02
2.359999999999999876e-01 1.308475139016182993e+02
2.369999999999999885e-01 1.301537641719067437e+02
2.379999999999999893e-01 1.294826394454531453e+02
2.389999999999999902e-01 1.288071485175544808e+02
2.399999999999999911e-01 1.281567268713094450e+02
2.409999999999999920e-01 1.274735616264199507e+02
2.419999999999999929e-01 1.268149379952456286e+02
2.429999999999999938e-01 1.261519748720343870e+02
2.439999999999999947e-01 1.254857901229154891e+02
2.449999999999999956e-01 1.248158734066067268e+02
2.459999999999999964e-01 1.241693056308571812e+02
2.469999999999999973e-01 1.235203222969934274e+02
2.479999999999999982e-01 1.228670919118544305e+02
2.489999999999999991e-01 1.222102963921675496e+02
2.500000000000000000e-01 1.215785646363351304e+02
2.510000000000000009e-01 1.209424047421495345e+02
2.520000000000000018e-01 1.202741109382322691e+02
2.530000000000000027e-01 1.196611042471470228e+02
2.540000000000000036e-01 1.190147782379359853e+02
2.550000000000000044e-01 1.183640619142702803e+02
2.560000000000000053e-01 1.177404774229755020e+02
2.570000000000000062e-01 1.171123620299364347e+02
2.580000000000000071e-01 1.164814670999369923e+02
2.590000000000000080e-01 1.158767931379496048e+02
2.600000000000000089e-01 1.152388437075781127e+02
2.610000000000000098e-01 1.146274086688042075e+02
2.620000000000000107e-01 1.140124223902718796e+02
2.630000000000000115e-01 1.133936200588850909e+02
2.640000000000000124e-01 1.127720518419717592e+02
2.650000000000000133e-01 1.121781856756175273e+02
2.660000000000000142e-01 1.115485939414877237e+02
2.670000000000000151e-01 1.109477988251141198e+02
2.680000000000000160e-01 1.103430955026583575e+02
2.690000000000000169e-01 1.097679144668492199e+02
2.700000000000000178e-01 1.091564374541917601e+02
2.710000000000000187e-01 1.085743549159848556e+02
2.720000000000000195e-01 1.079881253154236163e+02
2.730000000000000204e-01 1.073993603500366731e+02
2.740000000000000213e-01 1.068072382446241875e+02
2.750000000000000222e-01 1.062110202658248710e+02
2.760000000000000231e-01 1.056454899685102191e+02
2.770000000000000240e-01 1.050424243737141126e+02
2.780000000000000249e-01 1.044705211275192482e+02
2.790000000000000258e-01 1.038944745736103954e+02
2.800000000000000266e-01 1.033154066670145852e+02
2.810000000000000275e-01 1.027672391133585990e+02
2.819999999999999729e-01 1.021816290395871505e+02
2.829999999999999738e-01 1.016272251665266282e+02
2.839999999999999747e-01 1.010699844538451231e+02
2.849999999999999756e-01 1.005094387032184926e+02
2.859999999999999765e-01 9.994557536492318661e+01
2.869999999999999774e-01 9.937851079374539154e+01
2.879999999999999782e-01 9.884395434120175139e+01
2.889999999999999791e-01 9.830603615332073275e+01
2.899999999999999800e-01 9.772919038793990865e+01
2.909999999999999809e-01 9.722196638061463148e+01
2.919999999999999818e-01 9.667501651560043285e+01
2.929999999999999827e-01 9.612471523233668336e+01
2.939999999999999836e-01 9.557125744393870548e+01
2.949999999999999845e-01 9.505180123637292411e+01
2.959999999999999853e-01 9.452950668035765602e+01
2.969999999999999862e-01 9.400449850515316541e+01
2.979999999999999871e-01 9.347618468683036497e+01
2.989999999999999880e-01 9.294511273243193727e+01
2.999999999999999889e-01 9.241043201320347578e+01
3.009999999999999898e-01 9.191095240249100584e+01
3.019999999999999907e-01 9.140948373635993107e+01
3.029999999999999916e-01 9.086514460376736224e+01
3.039999999999999925e-01 9.035761171649686219e+01
3.049999999999999933e-01 8.984691981772927249e+01
3.059999999999999942e-01 8.937298362023658171e+01
3.069999999999999951e-01 8.885682010024190447e+01
3.079999999999999960e-01 8.837712608197828956e+01
3.089999999999999969e-01 8.785429319904962142e+01
3.099999999999999978e-01 8.736926908880732867e+01
3.109999999999999987e-01 8.688125914591618937e+01
3.119999999999999996e-01 8.639082630153653497e+01
3.130000000000000004e-01 8.589755136838384431e+01
3.140000000000000013e-01 8.540067136113553659e+01
3.150000000000000022e-01 8.494342209975961566e+01
3.160000000000000031e-01 8.444159475053749020e+01
3.170000000000000040e-01 8.397865851623548394e+01
3.180000000000000049e-01 8.350439362550139322e+01
3.190000000000000058e-01 8.303195132176334425e+01
3.200000000000000067e-01 8.256534824887339141e+01
3.210000000000000075e-01 8.209612944660841549e+01
3.220000000000000084e-01 8.163271153374550693e+01
3.230000000000000093e-01 8.117082771570230193e+01
3.240000000000000102e-01 8.071548954782744545e+01
3.250000000000000111e-01 8.025749529536793148e+01
3.260000000000000120e-01 7.980544800093267099e+01
3.270000000000000129e-01 7.935081029564109656e+01
3.280000000000000138e-01 7.890298546728645590e+01
3.290000000000000147e-01 7.845666227554171712e+01
3.300000000000000155e-01 7.801215055259605435e+01
3.310000000000000164e-01 7.757448119370040729e+01
3.320000000000000173e-01 7.713428307492328884e+01
3.330000000000000182e-01 7.669617483669675551e+01
3.340000000000000191e-01 7.626448952425046457e+01
3.350000000000000200e-01 7.583079063157822475e+01
3.360000000000000209e-01 7.540398080281197224e+01
3.370000000000000218e-01 7.497428615941569774e+01
3.380000000000000226e-01 7.455214019788840574e+01
3.390000000000000235e-01 7.412712834813002871e+01
3.400000000000000244e-01 7.370934820785268471e+01
3.410000000000000253e-01 7.329437516742575554e+01
3.420000000000000262e-01 7.287665234496765265e+01
3.430000000000000271e-01 7.246635697787557717e+01
3.439999999999999725e-01 7.205371994421321347e+01
3.449999999999999734e-01 7.164859978677289121e+01
3.459999999999999742e-01 7.124116528946690607e+01
3.469999999999999751e-01 7.084145992189232288e+01
3.479999999999999760e-01 7.043965726165043861e+01
3.489999999999999769e-01 7.004002558196488337e+01
3.499999999999999778e-01 6.964359096401196325e+01
3.509999999999999787e-01 6.925004051797472471e+01
3.519999999999999796e-01 6.885896900996738168e+01
3.529999999999999805e-01 6.847130498847447200e+01
3.539999999999999813e-01 6.808097416512528355e+01
3.549999999999999822e-01 6.769930529672107866e+01
3.559999999999999831e-01 6.731531665412238397e+01
3.569999999999999840e-01 6.693420899770742949e+01
3.579999999999999849e-01 6.655664235821443242e+01
3.589999999999999858e-01 6.618187011898152150e+01
3.599999999999999867e-01 6.580498896629066508e+01
3.609999999999999876e-01 6.543700299566089029e+01
3.619999999999999885e-01 6.506713141957615676e+01
3.629999999999999893e-01 6.470021308383233816e+01
3.639999999999999902e-01 6.433676799191535167e+01
3.649999999999999911e-01 6.397123553753462488e+01
3.659999999999999920e-01 6.360938888893912235e+01
3.669999999999999929e-01 6.325088399007317008e+01
3.679999999999999938e-01 6.289599525482446296e+01
3.689999999999999947e-01 6.254477212800294694e+01
3.699999999999999956e-01 6.219139495558066244e+01
3.709999999999999964e-01 6.184192293956369468e+01
3.719999999999999973e-01 6.149045224929369624e+01
3.729999999999999982e-01 6.114859027556341431e+01
3.739999999999999991e-01 6.080463094848990835e+01
3.750000000000000000e-01 6.045887229900636584e+01
3.760000000000000009e-01 6.012297059840429370e+01
3.770000000000000018e-01 5.978497406405308112e+01
3.780000000000000027e-01 5.944525430153470325e+01
3.790000000000000036e-01 5.911559602642046940e+01
3.800000000000000044e-01 5.878376576601397829e+01
3.810000000000000053e-01 5.845053649170677801e+01
3.820000000000000062e-01 5.812713087498499220e+01
3.830000000000000071e-01 5.780224662900242549e+01
3.840000000000000080e-01 5.747536507962595209e+01
3.850000000000000089e-01 5.715296133055383621e+01
3.860000000000000098e-01 5.683468079618769764e+01
3.870000000000000107e-01 5.651509358124895499e+01
3.880000000000000115e-01 5.619953163150994158e+01
3.890000000000000124e-01 5.588853701768896087e+01
3.900000000000000133e-01 5.557630937362615953e+01
3.910000000000000142e-01 5.526178389405367142e+01
3.920000000000000151e-01 5.495844655037598869e+01
3.930000000000000160e-01 5.464735622316816688e+01
3.940000000000000169e-01 5.434712595972258953e+01
3.950000000000000178e-01 5.404519464987849631e+01
3.960000000000000187e-01 5.374173146892474051e+01
3.970000000000000195e-01 5.344334953962736279e+01
3.980000000000000204e-01 5.314314293191767291e+01
3.990000000000000213e-01 5.284780122643969236e+01
4.000000000000000222e-01 5.255758398939708798e+01
4.010000000000000231e-01 5.226586616602582325e+01
4.020000000000000240e-01 5.197237974325292953e+01
4.030000000000000249e-01 5.168441724774574197e+01
4.040000000000000258e-01 5.140157753681103259e+01
4.050000000000000266e-01 5.111704771030434102e+01
4.060000000000000275e-01 5.083103503200799622e+01
4.069999999999999729e-01 5.055032835777614508e+01
4.079999999999999738e-01 5.026817788488504135e+01
4.089999999999999747e-01 4.999141267265378730e+01
4.099999999999999756e-01 4.971309581532207744e+01
4.109999999999999765e-01 4.944055206427747606e+01
4.119999999999999774e-01 4.916634723098790261e+01
4.129999999999999782e-01 4.889803958709333642e+01
4.139999999999999791e-01 4.862807141009298562e+01
4.149999999999999800e-01 4.835675531658655046e+01
4.159999999999999809e-01 4.809114436379628899e+01
4.169999999999999818e-01 4.783166777405590864e+01
4.179999999999999827e-01 4.756313490046040471e+01
4.189999999999999836e-01 4.730812161073566813e+01
4.199999999999999845e-01 4.704403002044676185e+01
4.209999999999999853e-01 4.678616212097578853e+01
4.219999999999999862e-01 4.652702221574783437e+01
4.229999999999999871e-01 4.627397148785882308e+01
4.239999999999999880e-01 4.601965958423681258e+01
4.249999999999999889e-01 4.577157707367687323e+01
4.259999999999999898e-01 4.552200455631669485e+01
4.269999999999999907e-01 4.527118257979141447e+01
4.279999999999999916e-01 4.501910342876181659e+01
4.289999999999999925e-01 4.477354888131994670e+01
4.299999999999999933e-01 4.453449203017969182e+01
4.309999999999999942e-01 4.428596866702021373e+01
4.319999999999999951e-01 4.405234333512698441e+01
4.329999999999999960e-01 4.380947170857362494e+01
4.339999999999999969e-01 4.357328219943097736e+01
4.349999999999999978e-01 4.333567008823453648e+01
4.359999999999999987e-01 4.309686558776348875e+01
4.369999999999999996e-01 4.286516743058533763e+01
4.380000000000000004e-01 4.263184261713563927e+01
4.390000000000000013e-01 4.239758669014019432e+01
4.400000000000000022e-01 4.217048164131841759e+01
4.410000000000000031e-01 4.194176585901006149e+01
4.420000000000000040e-01 4.171215607695233984e+01
4.430000000000000049e-01 4.148974713523232083e+01
4.440000000000000058e-01 4.126600377607149284e+01
4.450000000000000067e-01 4.104128631989442511e+01
4.460000000000000075e-01 4.082390760156338416e+01
4.470000000000000084e-01 4.060525849893398487e+01
4.480000000000000093e-01 4.038554639427869830e+01
4.490000000000000102e-01 4.016450155078885587e+01
4.500000000000000111e-01 3.995127627075750354e+01
4.510000000000000120e-01 3.973700671545949348e+01
4.520000000000000129e-01 3.952134856867760249e+01
4.530000000000000138e-01 3.930459352089943081e+01
4.540000000000000147e-01 3.909565679147905826e+01
4.550000000000000155e-01 3.888570802468720444e+01
4.560000000000000164e-01 3.868392749466256930e+01
4.570000000000000173e-01 3.847159580493974573e+01
4.580000000000000182e-01 3.826749595687140015e+01
4.590000000000000191e-01 3.806221037113306238e+01
4.600000000000000200e-01 3.785602472880730573e+01
4.610000000000000209e-01 3.765804890265524563e+01
4.620000000000000218e-01 3.745892274912303321e+01
4.630000000000000226e-01 3.725882633669992572e+01
4.640000000000000235e-01 3.705753719225293707e+01
4.650000000000000244e-01 3.686504034411557029e+01
4.660000000000000253e-01 3.667119269373891655e+01
4.670000000000000262e-01 3.647664291156649341e+01
4.680000000000000271e-01 3.628071554177284241e+01
4.689999999999999725e-01 3.608403526473687606e+01
4.699999999999999734e-01 3.589599810105812594e+01
4.709999999999999742e-01 3.570706912966372926e+01
4.719999999999999751e-01 3.551703666525443737e+01
4.729999999999999760e-01 3.532616970256167832e+01
4.739999999999999769e-01 3.514411200525194801e+01
4.749999999999999778e-01 3.496140853943140314e+01
4.759999999999999787e-01 3.477751592573701345e+01
4.769999999999999796e-01 3.459276070341385889e+01
4.779999999999999805e-01 3.440689949339748921e+01
4.789999999999999813e-01 3.423065361921710803e+01
4.799999999999999822e-01 3.404271532856511584e+01
4.809999999999999831e-01 3.386453906786529444e+01
4.819999999999999840e-01 3.369581216471768670e+01
4.829999999999999849e-01 3.351569270285816060e+01
4.839999999999999858e-01 3.333450619219205180e+01
4.849999999999999867e-01 3.316327321114584947e+01
4.859999999999999876e-01 3.299084748639127440e+01
4.869999999999999885e-01 3.281781097193333352e+01
4.879999999999999893e-01 3.264355235324679683e+01
4.889999999999999902e-01 3.247962403238630458e+01
4.899999999999999911e-01 3.230364091191476206e+01
4.909999999999999920e-01 3.213788073254976041e+01
4.919999999999999929e-01 3.197115621216998349e+01
4.929999999999999938e-01 3.180356174199357611e+01
4.939999999999999947e-01 3.164641285548199434e+01
4.949999999999999956e-01 3.147708212171012221e+01
4.959999999999999964e-01 3.131840184003926097e+01
4.969999999999999973e-01 3.114717999844375740e+01
4.979999999999999982e-01 3.098679993241958286e+01
4.989999999999999991e-01 3.082540106462845486e+01
5.000000000000000000e-01 3.067484801803527006e+01
5.010000000000000009e-01 3.051179121764564073e+01
5.020000000000000018e-01 3.035977254643628598e+01
5.030000000000000027e-01 3.019491665727057139e+01
5.040000000000000036e-01 3.004129169535720578e+01
5.050000000000000044e-01 2.988660280058772756e+01
5.060000000000000053e-01 2.973135566267071894e+01
5.070000000000000062e-01 2.958719312471033192e+01
5.080000000000000071e-01 2.943027843103702068e+01
5.090000000000000080e-01 2.928462713820334429e+01
5.100000000000000089e-01 2.912615822525427234e+01
5.110000000000000098e-01 2.897888508458299839e+01
5.120000000000000107e-01 2.883110013923169035e+01
5.130000000000000115e-01 2.868229879880221489e+01
5.140000000000000124e-01 2.854531209621454479e+01
5.150000000000000133e-01 2.839526353050258223e+01
5.160000000000000142e-01 2.824415696924903330e+01
5.170000000000000151e-01 2.810518758062113776e+01
5.180000000000000160e-01 2.796535120456263712e+01
5.190000000000000169e-01 2.782487764348444870e+01
5.200000000000000178e-01 2.768362713754602211e+01
5.210000000000000187e-01 2.754171909992676603e+01
5.220000000000000195e-01 2.739900165166610790e+01
5.230000000000000204e-01 2.725568929215835468e+01
5.240000000000000213e-01 2.712452002760908698e+01
5.250000000000000222e-01 2.697974025507296147e+01
5.260000000000000231e-01 2.684723463236725394e+01
5.270000000000000240e-01 2.671429386890531887e+01
5.280000000000000249e-01 2.657919278605778501e+01
5.290000000000000258e-01 2.644617470544245919e+01
5.300000000000000266e-01 2.631238918840192653e+01
5.310000000000000275e-01 2.618080876856926764e+01
5.320000000000000284e-01 2.604833235939629077e+01
5.330000000000000293e-01 2.591814020979107980e+01
5.340000000000000302e-01 2.578846075897357792e+01
5.350000000000000311e-01 2.565833970290642796e+01
5.360000000000000320e-01 2.553020412616680090e+01
5.370000000000000329e-01 2.540274530530184549e+01
5.380000000000000338e-01 2.527627196346707095e+01
5.390000000000000346e-01 2.514894703899220119e+01
5.400000000000000355e-01 2.502404326364443321e+01
5.410000000000000364e-01 2.489978786220317275e+01
5.420000000000000373e-01 2.477498551399973437e+01
5.430000000000000382e-01 2.465236457869732334e+01
5.440000000000000391e-01 2.452927713901229723e+01
5.450000000000000400e-01 2.440826909685311819e+01
5.460000000000000409e-01 2.428687404253381743e+01
5.470000000000000417e-01 2.416612541254545476e+01
5.480000000000000426e-01 2.404646150401536531e+01
5.490000000000000435e-01 2.392755432153212425e+01
5.500000000000000444e-01 2.380961098009607113e+01
5.510000000000000453e-01 2.369100875174819620e+01
5.520000000000000462e-01 2.357491067642160942e+01
5.530000000000000471e-01 2.345816612431927339e+01
5.540000000000000480e-01 2.334249147551691550e+01
5.550000000000000488e-01 2.322757833929860283e+01
5.560000000000000497e-01 2.311370436435299780e+01
5.570000000000000506e-01 2.300086924011043266e+01
5.580000000000000515e-01 2.288742210225601070e+01
5.590000000000000524e-01 2.277510457119209875e+01
5.600000000000000533e-01 2.266359861942699538e+01
5.610000000000000542e-01 2.255174175866855535e+01
5.620000000000000551e-01 2.244230334658859505e+01
5.629999999999999449e-01 2.233252148265286507e+01
5.639999999999999458e-01 2.222367044219970822e+01
5.649999999999999467e-01 2.211422329894202932e+01
5.659999999999999476e-01 2.200766519424822576e+01
5.669999999999999485e-01 2.189882116469447837e+01
5.679999999999999494e-01 2.179277738952689703e+01
5.689999999999999503e-01 2.168779575399496906e+01
5.699999999999999512e-01 2.158241912443385147e+01
5.709999999999999520e-01 2.147634061738128963e+01
5.719999999999999529e-01 2.137313125118246049e+01
5.729999999999999538e-01 2.126954756170600547e+01
5.739999999999999547e-01 2.116695677613990867e+01
5.749999999999999556e-01 2.106391887875609470e+01
5.759999999999999565e-01 2.096220389847608701e+01
5.769999999999999574e-01 2.086151845498195101e+01
5.779999999999999583e-01 2.076052382518636108e+01
5.789999999999999591e-01 2.066063392916875330e+01
5.799999999999999600e-01 2.056020359222790717e+01
5.809999999999999609e-01 2.046119519311202950e+01
5.819999999999999618e-01 2.036334320340409221e+01
5.829999999999999627e-01 2.026500992330985795e+01
5.839999999999999636e-01 2.016790838356365612e+01
5.849999999999999645e-01 2.007229336722242152e+01
5.859999999999999654e-01 1.997610244106392585e+01
5.869999999999999662e-01 1.988124081454719061e+01
5.879999999999999671e-01 1.978597798666752183e+01
5.889999999999999680e-01 1.969018916682702880e+01
5.899999999999999689e-01 1.959757478282814702e+01
5.909999999999999698e-01 1.950269384734944822e+01
5.919999999999999707e-01 1.941113911131952818e+01
5.929999999999999716e-01 1.931712919109191873e+01
5.939999999999999725e-01 1.922643004043673542e+01
5.949999999999999734e-01 1.913529946247810187e+01
5.959999999999999742e-01 1.904372442250899766e+01
5.969999999999999751e-01 1.895359566101059912e+01
5.979999999999999760e-01 1.886303418676649812e+01
5.989999999999999769e-01 1.877404385409861476e+01
5.999999999999999778e-01 1.868643022942354648e+01
6.009999999999999787e-01 1.859648057829875967e+01
6.019999999999999796e-01 1.850995129919126825e+01
6.029999999999999805e-01 1.842301444052869286e+01
6.039999999999999813e-01 1.833555755784562180e+01
6.049999999999999822e-01 1.824974470290883133e+01
6.059999999999999831e-01 1.816352384454581070e+01
6.069999999999999840e-01 1.807886629493471276e+01
6.079999999999999849e-01 1.799380801430339005e+01
6.089999999999999858e-01 1.790839574175801019e+01
6.099999999999999867e-01 1.782452303839767183e+01
6.109999999999999876e-01 1.774025245848858745e+01
6.119999999999999885e-01 1.765749938402585428e+01
6.129999999999999893e-01 1.757649088801284520e+01
6.139999999999999902e-01 1.749311342707484229e+01
6.149999999999999911e-01 1.741124044100308410e+01
6.159999999999999920e-01 1.733113629027968017e+01
6.169999999999999929e-01 1.725070848264743262e+01
6.179999999999999938e-01 1.716975274079266001e+01
6.189999999999999947e-01 1.709065205939437249e+01
6.199999999999999956e-01 1.701103283081925710e+01
6.209999999999999964e-01 1.693114719239708776e+01
6.219999999999999973e-01 1.685294333572335290e+01
6.229999999999999982e-01 1.677437295529054140e+01
6.239999999999999991e-01 1.669761999220517268e+01
6.250000000000000000e-01 1.662046858607046573e+01
6.260000000000000009e-01 1.654290239159708875e+01
6.270000000000000018e-01 1.646728339340318215e+01
6.280000000000000027e-01 1.639117706612214675e+01
6.290000000000000036e-01 1.631476147812361788e+01
6.300000000000000044e-01 1.624028062854940302e+01
6.310000000000000053e-01 1.616530818072422093e+01
6.320000000000000062e-01 1.609225854788068943e+01
6.330000000000000071e-01 1.601891999190966231e+01
6.340000000000000080e-01 1.594519747789934350e+01
6.350000000000000089e-01 1.587113193623328300e+01
6.360000000000000098e-01 1.579902474658949707e+01
6.370000000000000107e-01 1.572653999022161564e+01
6.380000000000000115e-01 1.565366918743321456e+01
6.390000000000000124e-01 1.558285473416722056e+01
6.400000000000000133e-01 1.551166110033881651e+01
6.410000000000000142e-01 1.544249638310293626e+01
6.420000000000000151e-01 1.537069776878297311e+01
6.430000000000000160e-01 1.530089730774644963e+01
6.440000000000000169e-01 1.523307247764659422e+01
6.450000000000000178e-01 1.516263597269451679e+01
6.460000000000000187e-01 1.509418712715412703e+01
6.470000000000000195e-01 1.502556506034891548e+01
6.480000000000000204e-01 1.495887973518883740e+01
6.490000000000000213e-01 1.488957740799659391e+01
6.500000000000000222e-01 1.482482122435343896e+01
6.510000000000000231e-01 1.475726952919789881e+01
6.520000000000000240e-01 1.468948334975103798e+01
6.530000000000000249e-01 1.462383688048076991e+01
6.540000000000000258e-01 1.455783542434867961e+01
6.550000000000000266e-01 1.449408964507698627e+01
6.560000000000000275e-01 1.442762245684725819e+01
6.570000000000000284e-01 1.436324803765512925e+01
6.580000000000000293e-01 1.429870771513023975e+01
6.590000000000000302e-01 1.423629539890884743e+01
6.600000000000000311e-01 1.417112293743402240e+01
6.610000000000000320e-01 1.410825969651806844e+01
6.620000000000000329e-01 1.404507230377090288e+01
6.630000000000000338e-01 1.398430753901715740e+01
6.640000000000000346e-01 1.392315315173473778e+01
6.650000000000000355e-01 1.385926359162499111e+01
6.660000000000000364e-01 1.379762046577014090e+01
6.670000000000000373e-01 1.373837198541934868e+01
6.680000000000000382e-01 1.367616421176988339e+01
6.690000000000000391e-01 1.361644829703998916e+01
6.700000000000000400e-01 1.355645582320565268e+01
6.710000000000000409e-01 1.349626210773848456e+01
6.720000000000000417e-01 1.343840840278926585e+01
6.730000000000000426e-01 1.338037280382414096e+01
6.740000000000000435e-01 1.331949474788246057e+01
6.750000000000000444e-01 1.326367123460130060e+01
6.760000000000000453e-01 1.320492369715179137e+01
6.770000000000000462e-01 1.314592835535314919e+01
6.780000000000000471e-01 1.308949939978846544e+01
6.790000000000000480e-01 1.303280139996385500e+01
6.800000000000000488e-01 1.297583129527887991e+01
6.810000000000000497e-01 1.291873379349126694e+01
6.820000000000000506e-01 1.286411041689487966e+01
6.830000000000000515e-01 1.280929777940155567e+01
6.840000000000000524e-01 1.275430424346693847e+01
6.850000000000000533e-01 1.269904864822596657e+01
6.860000000000000542e-01 1.264360061657438195e+01
6.870000000000000551e-01 1.258788322471328414e+01
6.879999999999999449e-01 1.253475061521441170e+01
6.889999999999999458e-01 1.248148326736665759e+01
6.899999999999999467e-01 1.242796652478645747e+01
6.909999999999999476e-01 1.237418946822948129e+01
6.919999999999999485e-01 1.232306840054454256e+01
6.929999999999999494e-01 1.226893048577120204e+01
6.939999999999999503e-01 1.221739641348148631e+01
6.949999999999999512e-01 1.216562623630148998e+01
6.959999999999999520e-01 1.211374504806138042e+01
6.969999999999999529e-01 1.206452422776691513e+01
6.979999999999999538e-01 1.201208989625316015e+01
6.989999999999999547e-01 1.196254435189576526e+01
6.999999999999999556e-01 1.191269947797536233e+01
7.009999999999999565e-01 1.186272452414228695e+01
7.019999999999999574e-01 1.181244424796453885e+01
7.029999999999999583e-01 1.176198925112662508e+01
7.039999999999999591e-01 1.171439767701656187e+01
7.049999999999999600e-01 1.166658975344656390e+01
7.059999999999999609e-01 1.161859037573685782e+01
7.069999999999999618e-01 1.157033307446151049e+01
7.079999999999999627e-01 1.152191573910327982e+01
7.089999999999999636e-01 1.147643555216019529e+01
7.099999999999999645e-01 1.142760078890258946e+01
7.109999999999999654e-01 1.138172531699158263e+01
7.119999999999999662e-01 1.133570323645673206e+01
7.129999999999999671e-01 1.128943140763913888e+01
7.139999999999999680e-01 1.124618579515626493e+01
7.149999999999999689e-01 1.119952328407460307e+01
7.159999999999999698e-01 1.115590239853467303e+01
7.169999999999999707e-01 1.111211908658199121e+01
7.179999999999999716e-01 1.106819243296297017e+01
7.189999999999999725e-01 1.102406229551833228e+01
7.199999999999999734e-01 1.098308018001817565e+01
7.209999999999999742e-01 1.093857585002193922e+01
7.219999999999999751e-01 1.089721067457587012e+01
7.229999999999999760e-01 1.085554589217975874e+01
7.239999999999999769e-01 1.081284707050726901e+01
7.249999999999999778e-01 1.077262555329424742e+01
7.259999999999999787e-01 1.073225329801709549e+01
7.269999999999999796e-01 1.069172859710296564e+01
7.279999999999999805e-01 1.065104971049426119e+01
7.289999999999999813e-01 1.061021486477679154e+01
7.299999999999999822e-01 1.056922225227764933e+01
7.309999999999999831e-01 1.053150552378793137e+01
7.319999999999999840e-01 1.049020534302766983e+01
7.329999999999999849e-01 1.044874191853721790e+01
7.339999999999999858e-01 1.041058870860488206e+01
7.349999999999999867e-01 1.036880691309477776e+01
7.359999999999999876e-01 1.033035848267507006e+01
7.369999999999999885e-01 1.028825086795064969e+01
7.379999999999999893e-01 1.024950025617941840e+01
7.389999999999999902e-01 1.021060258167737445e+01
7.399999999999999911e-01 1.016799904712167013e+01
7.409999999999999920e-01 1.012878838765041678e+01
7.419999999999999929e-01 1.008942534445528061e+01
7.429999999999999938e-01 1.004990812698659930e+01
7.439999999999999947e-01 1.001023490935182636e+01
7.449999999999999956e-01 9.970403829331120349e+00
7.459999999999999964e-01 9.930412987357341237e+00
7.469999999999999973e-01 9.890260445458958216e+00
7.479999999999999982e-01 9.849944226164161876e+00
7.489999999999999991e-01 9.813149386221706294e+00
7.500000000000000000e-01 9.772515052730192053e+00
7.510000000000000009e-01 9.731711053836978209e+00
7.520000000000000018e-01 9.694467476511105630e+00
7.530000000000000027e-01 9.653333581342060654e+00
7.540000000000000036e-01 9.615786439518357653e+00
7.550000000000000044e-01 9.574314514886159699e+00
7.560000000000000053e-01 9.536456262559935837e+00
7.570000000000000062e-01 9.498447118633519537e+00
7.580000000000000071e-01 9.460285264368945235e+00
7.590000000000000080e-01 9.418128628489361276e+00
7.600000000000000089e-01 9.379639997384211725e+00
7.610000000000000098e-01 9.340992779051299877e+00
7.620000000000000107e-01 9.302184996872901124e+00
7.630000000000000115e-01 9.263214632826235473e+00
7.640000000000000124e-01 9.224079626258919973e+00
7.650000000000000133e-01 9.184777872617484462e+00
7.660000000000000142e-01 9.149261949758933810e+00
7.670000000000000151e-01 9.109637415565201124e+00
7.680000000000000160e-01 9.069839770405222268e+00
7.690000000000000169e-01 9.029866725405366168e+00
7.700000000000000178e-01 8.993739085306287961e+00
7.710000000000000187e-01 8.953426291220852207e+00
7.720000000000000195e-01 8.916988954142965440e+00
7.730000000000000204e-01 8.876327597946488623e+00
7.740000000000000213e-01 8.839572460365344497e+00
7.750000000000000222e-01 8.798553341306069697e+00
7.760000000000000231e-01 8.761471940021902327e+00
7.770000000000000240e-01 8.724232929706429829e+00
7.780000000000000249e-01 8.686834283428973791e+00
7.790000000000000258e-01 8.649273930437161084e+00
7.800000000000000266e-01 8.607347973766291460e+00
7.810000000000000275e-01 8.569439234715513720e+00
7.820000000000000284e-01 8.531362051481846009e+00
7.830000000000000293e-01 8.494817721689917889e+00
7.840000000000000302e-01 8.456832313847927551e+00
7.850000000000000311e-01 8.418675516038598872e+00
7.860000000000000320e-01 8.380776641098099944e+00
7.870000000000000329e-01 8.342705602596993231e+00
7.880000000000000338e-01 8.304895630834467468e+00
7.890000000000000346e-01 8.266912731274208781e+00
7.900000000000000355e-01 8.229194114722057307e+00
7.910000000000000364e-01 8.191301816503207434e+00
7.920000000000000373e-01 8.153677092216963018e+00
7.930000000000000382e-01 8.115877943835691610e+00
7.940000000000000391e-01 8.077901922797384060e+00
7.950000000000000400e-01 8.040646376820301811e+00
7.960000000000000409e-01 8.002765386789173263e+00
7.970000000000000417e-01 7.965158411402163630e+00
7.980000000000000426e-01 7.927829350162181044e+00
7.990000000000000435e-01 7.889865200878446672e+00
8.000000000000000444e-01 7.852638892653687641e+00
8.010000000000000453e-01 7.815235266375666789e+00
8.020000000000000462e-01 7.777651763815772945e+00
8.030000000000000471e-01 7.740353134928252388e+00
8.040000000000000480e-01 7.702873901836941428e+00
8.050000000000000488e-01 7.665211415336675493e+00
8.060000000000000497e-01 7.628311460845027092e+00
8.070000000000000506e-01 7.590755590959902044e+00
8.080000000000000515e-01 7.553491917222186380e+00
8.090000000000000524e-01 7.516043496773599841e+00
8.100000000000000533e-01 7.478891264824422791e+00
8.110000000000000542e-01 7.442039657282386145e+00
8.120000000000000551e-01 7.404516119655491835e+00
8.129999999999999449e-01 7.367292492886019062e+00
8.139999999999999458e-01 7.330373345816282082e+00
8.149999999999999467e-01 7.293267313239854666e+00
8.159999999999999476e-01 7.255971528037580498e+00
8.169999999999999485e-01 7.218984175965031724e+00
8.179999999999999494e-01 7.181806336150744485e+00
8.189999999999999503e-01 7.144941355318386478e+00
8.199999999999999512e-01 7.107885177174913416e+00
8.209999999999999520e-01 7.071146400456520098e+00
8.219999999999999529e-01 7.034215744592677844e+00
8.229999999999999538e-01 6.997090171368514966e+00
8.239999999999999547e-01 6.960286315581466710e+00
8.249999999999999556e-01 6.923286815052470011e+00
8.259999999999999565e-01 6.886613830897631239e+00
8.269999999999999574e-01 6.849744505333150713e+00
8.279999999999999583e-01 6.813206625708286168e+00
8.289999999999999591e-01 6.776471741315598152e+00
8.299999999999999600e-01 6.739536630741199907e+00
8.309999999999999609e-01 6.702937694561870607e+00
8.319999999999999618e-01 6.666137823151752073e+00
8.329999999999999627e-01 6.629133670196309502e+00
8.339999999999999636e-01 6.592470550653129813e+00
8.349999999999999645e-01 6.556154185873724671e+00
8.359999999999999654e-01 6.519635530968767689e+00
8.369999999999999662e-01 6.482911167399350028e+00
8.379999999999999671e-01 6.445977579243664657e+00
8.389999999999999680e-01 6.409395580213100629e+00
8.399999999999999689e-01 6.373171224674642588e+00
8.409999999999999698e-01 6.336168890628159467e+00
8.419999999999999707e-01 6.299523471337313829e+00
8.429999999999999716e-01 6.263241231592294511e+00
8.439999999999999725e-01 6.226747584759301013e+00
8.449999999999999734e-01 6.190038791760020587e+00
8.459999999999999742e-01 6.153698888189469862e+00
8.469999999999999751e-01 6.117143105201543030e+00
8.479999999999999760e-01 6.080962467927888859e+00
8.489999999999999769e-01 6.043966768551766400e+00
8.499999999999999778e-01 6.007947575504748450e+00
8.509999999999999787e-01 5.971105327897527459e+00
8.519999999999999796e-01 5.934643932663654198e+00
8.529999999999999805e-01 5.898570452404483078e+00
8.539999999999999813e-01 5.862274998365132106e+00
8.549999999999999822e-01 5.825753421741655558e+00
8.559999999999999831e-01 5.789001442858025648e+00
8.569999999999999840e-01 5.752643521348460354e+00
8.579999999999999849e-01 5.716687175789394892e+00
8.589999999999999858e-01 5.679866375552775182e+00
8.599999999999999867e-01 5.643446360714127863e+00
8.609999999999999876e-01 5.607434940523382316e+00
8.619999999999999885e-01 5.570541391491942385e+00
8.629999999999999893e-01 5.534709223084113283e+00
8.639999999999999902e-01 5.497985628394935986e+00
8.649999999999999911e-01 5.461677467573913702e+00
8.659999999999999920e-01 5.425126316462312026e+00
8.669999999999999929e-01 5.388998547333417655e+00
8.679999999999999938e-01 5.352626937939113816e+00
8.689999999999999947e-01 5.316006483286226825e+00
8.699999999999999956e-01 5.279817205903379218e+00
8.709999999999999964e-01 5.243378159656763238e+00
8.719999999999999973e-01 5.207378834538554990e+00
8.729999999999999982e-01 5.170429297825498871e+00
8.739999999999999991e-01 5.134623056161887966e+00
8.750000000000000000e-01 5.097855797303788350e+00
8.760000000000000009e-01 5.061536183330198391e+00
8.770000000000000018e-01 5.024954063493299650e+00
8.780000000000000027e-01 4.988828835417909779e+00
8.790000000000000036e-01 4.952440101402197925e+00
8.800000000000000044e-01 4.915782009696526345e+00
8.810000000000000053e-01 4.879589898706431228e+00
8.820000000000000062e-01 4.843127335953457901e+00
8.830000000000000071e-01 4.806388166280523677e+00
8.840000000000000080e-01 4.770124424109468464e+00
8.850000000000000089e-01 4.733582875371457277e+00
8.860000000000000098e-01 4.697527185483501455e+00
8.870000000000000107e-01 4.660416448653571742e+00
8.880000000000000115e-01 4.623790252079716723e+00
8.890000000000000124e-01 4.587660200951727774e+00
8.900000000000000133e-01 4.551243340403313020e+00
8.910000000000000142e-01 4.514532729722374071e+00
8.920000000000000151e-01 4.477521143657905434e+00
8.930000000000000160e-01 4.441015696875554752e+00
8.940000000000000169e-01 4.405028972856925407e+00
8.950000000000000178e-01 4.367917705234427572e+00
8.960000000000000187e-01 4.331323690457025144e+00
8.970000000000000195e-01 4.294417858491200057e+00
8.980000000000000204e-01 4.258041754018439207e+00
8.990000000000000213e-01 4.221352202150481681e+00
9.000000000000000222e-01 4.184340957694175245e+00
9.010000000000000231e-01 4.147871633705133121e+00
9.020000000000000240e-01 4.111078803569008677e+00
9.030000000000000249e-01 4.073953702315858294e+00
9.040000000000000258e-01 4.037383262943238904e+00
9.050000000000000266e-01 4.000478528273249346e+00
9.060000000000000275e-01 3.963230159662244567e+00
9.070000000000000284e-01 3.925628375398965808e+00
9.080000000000000293e-01 3.888593317491691348e+00
9.090000000000000302e-01 3.852141331748742292e+00
9.100000000000000311e-01 3.814392833318362985e+00
9.110000000000000320e-01 3.777224846073693243e+00
9.120000000000000329e-01 3.740654674324372042e+00
9.130000000000000338e-01 3.703723430183889498e+00
9.140000000000000346e-01 3.666420202601094580e+00
9.150000000000000355e-01 3.628733519671816232e+00
9.160000000000000364e-01 3.591658644047421411e+00
9.170000000000000373e-01 3.554197050520879753e+00
9.180000000000000382e-01 3.516336379316130856e+00
9.190000000000000391e-01 3.479103533224506606e+00
9.200000000000000400e-01 3.441467892816727936e+00
9.210000000000000409e-01 3.403416095584197443e+00
9.220000000000000417e-01 3.366008910549281641e+00
9.230000000000000426e-01 3.328181312986530749e+00
9.240000000000000435e-01 3.289918801175543805e+00
9.250000000000000444e-01 3.252318494300077134e+00
9.260000000000000453e-01 3.214278372886254065e+00
9.270000000000000462e-01 3.176921518115409349e+00
9.280000000000000471e-01 3.137967527286206426e+00
9.290000000000000480e-01 3.099691125929019631e+00
9.300000000000000488e-01 3.062117723707879602e+00
9.310000000000000497e-01 3.022881047561470247e+00
9.320000000000000506e-01 2.985552663948763730e+00
9.330000000000000515e-01 2.946524153455114092e+00
9.340000000000000524e-01 2.908215856569042135e+00
9.350000000000000533e-01 2.869396164684276052e+00
9.360000000000000542e-01 2.830044033475462406e+00
9.370000000000000551e-01 2.791433165371814074e+00
9.379999999999999449e-01 2.752280691002526591e+00
9.389999999999999458e-01 2.713896440768401419e+00
9.399999999999999467e-01 2.674285190187135619e+00
9.409999999999999476e-01 2.634902212224684792e+00
9.419999999999999485e-01 2.595479157891235733e+00
9.429999999999999494e-01 2.555872639873860930e+00
9.439999999999999503e-01 2.516217765812952756e+00
9.449999999999999512e-01 2.476366136070430546e+00
9.459999999999999520e-01 2.436456573856597529e+00
9.469999999999999529e-01 2.396335229855870885e+00
9.479999999999999538e-01 2.356298354054289668e+00
9.489999999999999547e-01 2.315881761565992125e+00
9.499999999999999556e-01 2.275224216409400757e+00
9.509999999999999565e-01 2.234636354807813419e+00
9.519999999999999574e-01 2.193627370882806016e+00
9.529999999999999583e-01 2.152677390659100354e+00
9.539999999999999591e-01 2.111447218229776546e+00
9.549999999999999600e-01 2.069920110446868744e+00
9.559999999999999609e-01 2.028256190283528770e+00
9.569999999999999618e-01 1.986628950037156782e+00
9.579999999999999627e-01 1.944482706940974914e+00
9.589999999999999636e-01 1.902163350395604580e+00
9.599999999999999645e-01 1.859659062062970269e+00
9.609999999999999654e-01 1.816757755944459207e+00
9.619999999999999662e-01 1.773838538978948165e+00
9.629999999999999671e-01 1.730482037496003267e+00
9.639999999999999680e-01 1.686868994129251398e+00
9.649999999999999689e-01 1.642978979214862134e+00
9.659999999999999698e-01 1.598562901507448286e+00
9.669999999999999707e-01 1.554041272270823670e+00
9.679999999999999716e-01 1.508925347031141673e+00
9.689999999999999725e-01 1.463654546611388385e+00
9.699999999999999734e-01 1.417958942370437514e+00
9.709999999999999742e-01 1.371796083319003046e+00
9.719999999999999751e-01 1.325117137350275254e+00
9.729999999999999760e-01 1.277865549546737034e+00
9.739999999999999769e-01 1.230563407562091927e+00
9.749999999999999778e-01 1.182593014892374672e+00
9.759999999999999787e-01 1.134188555587143377e+00
9.769999999999999796e-01 1.085291952558697925e+00
9.779999999999999805e-01 1.036182690091828507e+00
9.789999999999999813e-01 9.868290198897947674e-01
9.799999999999999822e-01 9.368062572691183698e-01
9.809999999999999831e-01 8.868172954426307708e-01
9.819999999999999840e-01 8.368681915388347381e-01
9.829999999999999849e-01 7.864147294778857100e-01
9.839999999999999858e-01 7.355990319992218307e-01
9.849999999999999867e-01 0.000000000000000000e+00
9.859999999999999876e-01 0.000000000000000000e+00
9.869999999999999885e-01 0.000000000000000000e+00
9.879999999999999893e-01 0.000000000000000000e+00
9.889999999999999902e-01 0.000000000000000000e+00
9.899999999999999911e-01 0.000000000000000000e+00
9.909999999999999920e-01 0.000000000000000000e+00
9.919999999999999929e-01 0.000000000000000000e+00
9.929999999999999938e-01 0.000000000000000000e+00
9.939999999999999947e-01 0.000000000000000000e+00
9.949999999999999956e-01 0.000000000000000000e+00
9.959999999999999964e-01 0.000000000000000000e+00
9.969999999999999973e-01 0.000000000000000000e+00
9.979999999999999982e-01 0.000000000000000000e+00
9.989999999999999991e-01 0.000000000000000000e+00
